{
  "height": 15,
  "width": 225,
  "x": 534.6000366210938,
  "y": 1353.0750732421875
}