{
  "height": 38,
  "width": 116,
  "x": 22.80000114440918,
  "y": 1341.300048828125
}